DMU       Theta       w (s + t)      Reference Unit (I1, I2, I3, Y1)

B01       0.57879      865.63818    (  163.2192,   943.4300,   102.3882,  102.2)
B02       0.59491      863.05200    (  186.6819,   951.8515,   116.9588,  116.8)
B03       0.59023      854.58909    (  211.5989,   950.2768,   128.3759,  129.8)
B04       0.60860      908.51653    (  243.8048,  1016.3606,   145.8812,  148.3)
B05       0.62034      946.72511    (  276.1765,  1066.9891,   163.6464,  167.0)
B06       0.60467      926.09116    (  307.4127,  1052.1207,   175.5349,  181.8)
B07       0.62735      981.93626    (  367.7528,  1122.9571,   201.7559,  212.4)
B08       0.62132      996.44496    (  452.7578,  1143.2337,   225.7265,  247.5)
B09       0.62385     1027.21492    (  558.7176,  1185.3098,   259.0838,  293.4)
B10       0.58641     1000.10795    (  620.5354,  1166.9490,   280.3610,  321.3)
B11       0.58213     1034.72075    (  735.0511,  1216.6443,   318.8307,  372.4)
B12       0.58607     1068.88669    (  867.3218,  1283.4886,   371.5084,  435.8)
B13       0.58000     1077.25148    ( 1000.3201,  1328.1922,   423.5715,  498.4)
B14       0.59863     1119.48092    ( 1195.1134,  1418.7632,   506.8038,  596.1)
B15       0.60478     1146.64164    ( 1388.2671,  1487.7530,   598.0646,  700.5)
B16       0.61359     1161.40543    ( 1586.7559,  1564.6665,   697.1663,  809.4)
B17       0.63798     1197.15300    ( 1861.3162,  1684.2759,   829.6973,  956.8)
B18       0.64329     1166.65476    ( 2127.7417,  1756.1782,   976.0620, 1110.8)
B19       0.63387     1129.13780    ( 2409.0135,  1787.5064,  1097.4149, 1252.9)
B20       0.61908      980.50107    ( 2765.1210,  1782.9505,  1299.1395, 1462.5)
B21       0.62817      929.92174    ( 3214.5999,  1871.9482,  1518.0369, 1705.0)
B22       1.00000        0.00000    Efficient Unit
B23       0.61912      766.25285    ( 3979.5189,  1931.6550,  1878.5964, 2110.3)
B24       0.68484      833.24228    ( 4802.9824,  2184.6369,  2220.7279, 2518.2)
B25       0.86381     1093.32029    ( 6671.0234,  2790.1028,  2932.1993, 3403.6)
B26       0.86922     1046.77809    ( 7227.2382,  2842.3579,  3085.2187, 3622.4)
B27       0.88189      944.08908    ( 7825.9702,  2901.4145,  3267.0456, 3855.6)
B28       0.88198     1061.12717    ( 8342.7378,  2884.0749,  3394.7413, 4006.3)
B29       0.89776     1250.47606    ( 8888.4914,  2935.6881,  3530.9953, 4167.1)
B30       0.89557     1047.85728    ( 9178.5053,  2892.6872,  3681.1459, 4344.3)
B31       0.90860      898.23210    ( 9560.2437,  2889.3617,  3857.4796, 4552.4)
B32       0.91555      686.69953    ( 9880.3658,  2874.8342,  4030.1697, 4756.2)
B33       0.96170      937.46446    (10933.1928,  2923.5707,  4314.2864, 5091.5)
B34       0.97087      354.86778    (11046.0417,  2893.1843,  4536.3770, 5353.6)
B35       1.00000        0.00000    Efficient Unit
B36       1.00000        0.00000    Efficient Unit
B37       0.99565        0.00000    (12105.5310,  2717.1334,  5176.5921, 6022.4)
B38       1.00000        0.00000    Efficient Unit
B39       1.00000        0.00000    Efficient Unit
B40       1.00000        0.00000    Efficient Unit
B41       1.00000        0.00000    Efficient Unit
