DMU       Phi         w (s + t)      Reference Unit (I1, I2, I3, Y1)

B01       1.72774     1495.59610    (  282.0,  1630.0,   176.9,  176.6)
B02       1.68093     1450.73383    (  313.8,  1600.0,   196.6,  196.3)
B03       1.69424     1447.88179    (  358.5,  1610.0,   217.5,  219.9)
B04       1.64312     1492.79945    (  400.6,  1670.0,   239.7,  243.7)
B05       1.61201     1526.13290    (  445.2,  1720.0,   263.8,  269.2)
B06       1.65380     1531.57200    (  508.4,  1740.0,   290.3,  300.7)
B07       1.59401     1565.21204    (  586.2,  1790.0,   321.6,  338.6)
B08       1.60947     1603.74802    (  728.7,  1840.0,   363.3,  398.3)
B09       1.60296     1646.58073    (  895.6,  1900.0,   415.3,  470.3)
B10       1.70530     1705.48567    ( 1058.2,  1990.0,   478.1,  547.9)
B11       1.71784     1777.48441    ( 1262.7,  2090.0,   547.7,  639.7)
B12       1.70629     1823.82755    ( 1479.9,  2190.0,   633.9,  743.6)
B13       1.72415     1857.34103    ( 1724.7,  2290.0,   730.3,  859.3)
B14       1.67047     1870.05826    ( 1996.4,  2370.0,   846.6,  995.8)
B15       1.65350     1895.97230    ( 2295.5,  2460.0,   988.9, 1158.3)
B16       1.62974     1892.78924    ( 2586.0,  2550.0,  1136.2, 1319.1)
B17       1.56744     1876.46453    ( 2917.5,  2640.0,  1300.5, 1499.7)
B18       1.55451     1813.57879    ( 3307.6,  2730.0,  1517.3, 1726.8)
B19       1.57762     1781.34666    ( 3800.5,  2820.0,  1731.3, 1976.6)
B20       1.61530     1583.80339    ( 4466.5,  2880.0,  2098.5, 2362.4)
B21       1.59192     1480.36512    ( 5117.4,  2980.0,  2416.6, 2714.2)
B22       1.00000        0.00000    Efficient Unit
B23       1.61520     1237.64796    ( 6427.7,  3120.0,  3034.3, 3408.5)
B24       1.46020     1216.69780    ( 7013.3,  3190.0,  3242.7, 3677.1)
B25       1.15766     1265.69694    ( 7722.8,  3230.0,  3394.5, 3940.2)
B26       1.15045     1204.26930    ( 8314.6,  3270.0,  3549.4, 4167.4)
B27       1.13393     1070.53064    ( 8874.1,  3290.0,  3704.6, 4372.0)
B28       1.13381     1203.11920    ( 9459.1,  3270.0,  3849.0, 4542.4)
B29       1.11388     1392.87846    ( 9900.7,  3270.0,  3933.1, 4641.6)
B30       1.11661     1170.04669    (10248.8,  3230.0,  4110.4, 4850.9)
B31       1.10059      988.58446    (10521.9,  3180.0,  4245.5, 5010.3)
B32       1.09224      750.03856    (10791.7,  3140.0,  4401.9, 5194.9)
B33       1.03982      974.79837    (11368.6,  3040.0,  4486.1, 5294.3)
B34       1.03001      365.51629    (11377.5,  2980.0,  4672.5, 5514.2)
B35       1.00000        0.00000    Efficient Unit
B36       1.00000        0.00000    Efficient Unit
B37       1.00437        0.00000    (12158.4,  2729.0,  5199.2, 6048.7)
B38       1.00000        0.00000    Efficient Unit
B39       1.00000        0.00000    Efficient Unit
B40       1.00000        0.00000    Efficient Unit
B41       1.00000        0.00000    Efficient Unit
