DMU       z          Reference Unit (I1, I2, I3, Y1)

B01       1.72774    (  282.0000,  1630.0000,   176.9000,  176.6)
B02       1.68093    (  313.8000,  1600.0000,   196.6000,  196.3)
B03       1.69424    (  358.5000,  1610.0000,   217.5000,  219.9)
B04       1.64312    (  400.6000,  1670.0000,   239.7000,  243.7)
B05       1.61201    (  445.2000,  1720.0000,   263.8000,  269.2)
B06       1.65380    (  508.4000,  1740.0000,   290.3000,  300.7)
B07       1.59401    (  586.2000,  1790.0000,   321.6000,  338.6)
B08       1.60947    (  728.7000,  1840.0000,   363.3000,  398.3)
B09       1.60296    (  895.6000,  1900.0000,   415.3000,  470.3)
B10       1.70530    ( 1058.2000,  1990.0000,   478.1000,  547.9)
B11       1.71784    ( 1262.7000,  2090.0000,   547.7000,  639.7)
B12       1.70629    ( 1479.9000,  2190.0000,   633.9000,  743.6)
B13       1.72415    ( 1724.7000,  2290.0000,   730.3000,  859.3)
B14       1.67047    ( 1996.4000,  2370.0000,   846.6000,  995.8)
B15       1.65350    ( 2295.5000,  2460.0000,   988.9000, 1158.3)
B16       1.62974    ( 2586.0000,  2550.0000,  1136.2000, 1319.1)
B17       1.56744    ( 2917.5000,  2640.0000,  1300.5000, 1499.7)
B18       1.55451    ( 3307.6000,  2730.0000,  1517.3000, 1726.8)
B19       1.57762    ( 3800.5000,  2820.0000,  1731.3000, 1976.6)
B20       1.61530    ( 4466.5000,  2880.0000,  2098.5000, 2362.4)
B21       1.59192    ( 5117.4000,  2980.0000,  2416.6000, 2714.2)
B22       1.00000    Efficient Unit
B23       1.61520    ( 6427.7000,  3120.0000,  3034.3000, 3408.5)
B24       1.46020    ( 7013.3000,  3190.0000,  3242.7000, 3677.1)
B25       1.15766    ( 7722.8000,  3230.0000,  3394.5000, 3940.2)
B26       1.15045    ( 8314.6000,  3270.0000,  3549.4000, 4167.4)
B27       1.13393    ( 8874.1000,  3290.0000,  3704.6000, 4372.0)
B28       1.13381    ( 9459.1000,  3270.0000,  3849.0000, 4542.4)
B29       1.11388    ( 9900.7000,  3270.0000,  3933.1000, 4641.6)
B30       1.11661    (10248.8000,  3230.0000,  4110.4000, 4850.9)
B31       1.10059    (10521.9000,  3180.0000,  4245.5000, 5010.3)
B32       1.09224    (10791.7000,  3140.0000,  4401.9000, 5194.9)
B33       1.03982    (11368.6000,  3040.0000,  4486.1000, 5294.3)
B34       1.03001    (11377.5000,  2980.0000,  4672.5000, 5514.2)
B35       1.00000    Efficient Unit
B36       1.00000    Efficient Unit
B37       1.00437    (12158.4000,  2729.0000,  5199.2000, 6048.7)
B38       1.00000    Efficient Unit
B39       1.00000    Efficient Unit
B40       1.00000    Efficient Unit
B41       1.00000    Efficient Unit
