DMU       z          Reference Unit (I1, I2, I3, Y1)

B01       1.00000    Efficient Unit
B02       1.00000    Efficient Unit
B03       1.09030    (  358.5000,  1610.0000,   217.5000,  141.5)
B04       1.14936    (  400.6000,  1670.0000,   239.7000,  170.4)
B05       1.17622    (  445.2000,  1720.0000,   263.8000,  196.4)
B06       1.25570    (  508.4000,  1740.0000,   290.3000,  228.3)
B07       1.25540    (  586.2000,  1790.0000,   321.6000,  266.6)
B08       1.31676    (  728.7000,  1840.0000,   363.3000,  325.9)
B09       1.32599    (  895.6000,  1900.0000,   415.3000,  389.0)
B10       1.44602    ( 1058.2000,  1990.0000,   478.1000,  464.6)
B11       1.47248    ( 1262.7000,  2090.0000,   547.7000,  548.4)
B12       1.49625    ( 1479.9000,  2190.0000,   633.9000,  652.1)
B13       1.54105    ( 1724.7000,  2290.0000,   730.3000,  768.1)
B14       1.52322    ( 1996.4000,  2370.0000,   846.6000,  908.0)
B15       1.54062    ( 2295.5000,  2460.0000,   988.9000, 1079.2)
B16       1.54952    ( 2586.0000,  2550.0000,  1136.2000, 1254.2)
B17       1.50755    ( 2917.5000,  2640.0000,  1300.5000, 1442.4)
B18       1.50685    ( 3307.6000,  2730.0000,  1517.3000, 1673.8)
B19       1.53804    ( 3800.5000,  2820.0000,  1731.3000, 1927.0)
B20       1.58611    ( 4466.5000,  2880.0000,  2098.5000, 2319.7)
B21       1.57012    ( 5117.4000,  2980.0000,  2416.6000, 2677.1)
B22       1.00000    Efficient Unit
B23       1.60251    ( 6427.7000,  3120.0000,  3034.3000, 3381.8)
B24       1.45060    ( 7013.3000,  3190.0000,  3242.7000, 3652.9)
B25       1.15060    ( 7722.8000,  3230.0000,  3394.5000, 3916.2)
B26       1.14356    ( 8314.6000,  3270.0000,  3549.4000, 4142.4)
B27       1.12739    ( 8874.1000,  3290.0000,  3704.6000, 4346.8)
B28       1.12835    ( 9459.1000,  3270.0000,  3849.0000, 4520.5)
B29       1.10909    ( 9900.7000,  3270.0000,  3933.1000, 4621.7)
B30       1.11296    (10248.8000,  3230.0000,  4110.4000, 4835.0)
B31       1.09779    (10521.9000,  3180.0000,  4245.5000, 4997.6)
B32       1.09032    (10791.7000,  3140.0000,  4401.9000, 5185.8)
B33       1.03841    (11368.6000,  3040.0000,  4486.1000, 5287.1)
B34       1.02947    (11377.5000,  2980.0000,  4672.5000, 5511.4)
B35       1.00000    Efficient Unit
B36       1.00000    Efficient Unit
B37       1.00407    (12158.4000,  2729.0000,  5199.2000, 6046.9)
B38       1.00000    Efficient Unit
B39       1.00000    Efficient Unit
B40       1.00000    Efficient Unit
B41       1.00000    Efficient Unit
