DMU       Efficiency  Reference Unit (I1, I2, I3, Y1)

B01       1.00000     Efficient Unit
B02       1.00000     Efficient Unit
B03       0.99483     (  356.6463,  1601.6751,   216.3754,  129.8)
B04       0.96051     (  384.7820,  1604.0588,   230.2353,  148.3)
B05       0.93399     (  415.8138,  1606.4683,   246.3874,  167.0)
B06       0.92435     (  469.9414,  1608.3753,   268.3399,  181.8)
B07       0.90074     (  528.0117,  1612.3182,   289.6768,  212.4)
B08       0.87872     (  640.3217,  1616.8409,   319.2382,  247.5)
B09       0.85408     (  764.9155,  1622.7552,   354.7001,  293.4)
B10       0.81726     (  864.8260,  1626.3501,   390.7327,  321.3)
B11       0.78131     (  986.5580,  1632.9344,   427.9226,  372.4)
B12       0.74936     ( 1108.9814,  1641.1036,   475.0208,  435.8)
B13       0.72058     ( 1242.7897,  1650.1354,   526.2419,  498.4)
B14       0.71150     ( 1420.4471,  1686.2651,   602.3595,  596.1)
B15       0.69620     ( 1598.1332,  1712.6586,   688.4748,  700.5)
B16       0.68397     ( 1768.7502,  1744.1272,   777.1284,  809.4)
B17       0.68532     ( 1999.4177,  1809.2417,   891.2571,  956.8)
B18       0.67860     ( 2244.5419,  1852.5817,  1029.6418, 1110.8)
B19       0.66392     ( 2523.2214,  1872.2495,  1149.4417, 1252.9)
B20       0.64471     ( 2879.6089,  1856.7723,  1352.9294, 1462.5)
B21       0.64847     ( 3318.4854,  1932.4435,  1567.0950, 1705.0)
B22       1.00000     Efficient Unit
B23       0.63470     ( 4079.6537,  1980.2604,  1925.8667, 2110.3)
B24       0.69586     ( 4880.2630,  2219.7880,  2256.4597, 2518.2)
B25       0.87167     ( 6731.7049,  2815.4823,  2958.8714, 3403.6)
B26       0.87712     ( 7292.9392,  2868.1971,  3113.2656, 3622.4)
B27       0.88981     ( 7896.2498,  2927.4700,  3296.3846, 3855.6)
B28       0.88897     ( 8408.8248,  2906.9211,  3421.6328, 4006.3)
B29       0.90394     ( 8949.6103,  2955.8744,  3555.2751, 4167.1)
B30       0.90078     ( 9231.8680,  2909.5049,  3702.5476, 4344.3)
B31       0.91285     ( 9604.9083,  2902.8606,  3875.5014, 4552.4)
B32       0.91889     ( 9916.4331,  2885.3285,  4044.8814, 4756.2)
B33       0.96377     (10956.6743,  2929.8498,  4323.5523, 5091.5)
B34       0.97194     (11058.2384,  2896.3789,  4541.3860, 5353.6)
B35       1.00000     Efficient Unit
B36       1.00000     Efficient Unit
B37       0.99633     (12113.8034,  2718.9901,  5180.1295, 6022.4)
B38       1.00000     Efficient Unit
B39       1.00000     Efficient Unit
B40       1.00000     Efficient Unit
B41       1.00000     Efficient Unit
